Time,GPS_X,GPS_Y,GPS_Z,Target_X,Target_Y,Target_Z
1751442681.4181693,0.59382013445493,-0.1113195005099179,-0.001,0.0,0.0,0.0
1751442681.5182295,0.59382013445493,-0.1113195005099179,-0.001,0.0,0.0,0.0
1751442681.6182883,0.59382013445493,-0.1113195005099179,-0.001,0.0,0.0,0.0
1751442681.7183456,0.59382013445493,-0.1113195005099179,-0.001,0.0,0.0,0.0
1751442681.8184044,0.59382013445493,-0.1113195005099179,-0.001,0.0,0.0,0.0
1751442681.9184623,0.59382013445493,-0.1113195005099179,-0.001,0.0,0.0,0.0
1751442682.0185251,0.59382013445493,-0.1113195005099179,-0.001,0.0,0.0,0.0
1751442682.118584,0.59382013445493,-0.1113195005099179,-0.001,0.0,0.0,0.0
1751442682.2186453,0.59382013445493,-0.1113195005099179,-0.001,0.0,0.0,0.0
1751442682.3187044,0.59382013445493,-0.1113195005099179,-0.001,0.0,0.0,0.0
1751442682.4187663,0.6118146828990033,-0.10018755037982885,0.055,0.0,0.0,0.0
1751442682.518825,0.6118146828990033,-0.10018755037982885,0.055,0.0,0.0,0.0
1751442682.6188862,0.6118146828990033,-0.10018755037982885,0.055,0.0,0.0,0.0
1751442682.7189445,0.6118146828990033,-0.10018755037982885,0.055,0.0,0.0,0.0
1751442682.8190064,0.6118146828990033,-0.10018755037982885,0.055,0.0,0.0,0.0
1751442682.9190657,0.6118146828990033,-0.10018755037982885,0.055,0.0,0.0,0.0
1751442683.019127,0.6118146828990033,-0.10018755037982885,0.055,0.0,0.0,0.0
1751442683.1191854,0.6118146828990033,-0.10018755037982885,0.055,0.0,0.0,0.0
1751442683.2192464,0.6118146828990033,-0.10018755037982885,0.055,0.0,0.0,0.0
1751442683.3193052,0.6118146828990033,-0.10018755037982885,0.055,0.0,0.0,0.0
1751442683.419366,0.6028174086769666,-0.10018755037982885,0.609,0.0,0.0,0.5
1751442683.5194244,0.6028174086769666,-0.10018755037982885,0.609,0.0,0.0,0.5
1751442683.6194844,0.6028174086769666,-0.10018755037982885,0.609,0.0,0.0,0.5
1751442683.719543,0.6028174086769666,-0.10018755037982885,0.609,0.0,0.0,0.5
1751442683.8196037,0.6028174086769666,-0.10018755037982885,0.609,0.0,0.0,0.5
1751442683.9196622,0.6028174086769666,-0.10018755037982885,0.609,0.0,0.0,0.5
1751442684.0197234,0.6028174086769666,-0.10018755037982885,0.609,0.0,0.0,0.5
1751442684.119782,0.6028174086769666,-0.10018755037982885,0.609,0.0,0.0,0.5
1751442684.21985,0.6028174086769666,-0.10018755037982885,0.609,0.0,0.0,0.5
1751442684.3199089,0.6028174086769666,-0.10018755037982885,0.609,0.0,0.0,0.5
1751442684.4199705,0.62081195712104,-0.0890556002497398,0.436,0.0,0.0,0.5
1751442684.5200288,0.62081195712104,-0.0890556002497398,0.436,0.0,0.0,0.5
1751442684.6200898,0.62081195712104,-0.0890556002497398,0.436,0.0,0.0,0.5
1751442684.7201505,0.62081195712104,-0.0890556002497398,0.436,0.0,0.0,0.5
1751442684.82021,0.62081195712104,-0.0890556002497398,0.436,0.0,0.0,0.5
1751442684.9202838,0.62081195712104,-0.0890556002497398,0.436,0.0,0.0,0.5
1751442685.020348,0.62081195712104,-0.0890556002497398,0.436,0.0,0.0,0.5
1751442685.1204088,0.62081195712104,-0.0890556002497398,0.436,0.0,0.0,0.5
1751442685.2204688,0.62081195712104,-0.0890556002497398,0.436,0.0,0.0,0.5
1751442685.320529,0.62081195712104,-0.0890556002497398,0.436,0.0,0.0,0.5
1751442685.4205887,0.62081195712104,-0.10018755037982885,0.527,0.0,0.0,0.5
1751442685.5206497,0.62081195712104,-0.10018755037982885,0.527,0.0,0.0,0.5
1751442685.620709,0.62081195712104,-0.10018755037982885,0.527,0.0,0.0,0.5
1751442685.7207685,0.62081195712104,-0.10018755037982885,0.527,0.0,0.0,0.5
1751442685.820828,0.62081195712104,-0.10018755037982885,0.527,0.0,0.0,0.5
1751442685.9208875,0.62081195712104,-0.10018755037982885,0.527,0.0,0.0,0.5
1751442686.0209467,0.62081195712104,-0.10018755037982885,0.527,0.0,0.0,0.5
1751442686.121013,0.62081195712104,-0.10018755037982885,0.527,0.0,0.0,0.5
1751442686.2210746,0.62081195712104,-0.10018755037982885,0.527,0.0,0.0,0.5
1751442686.3211353,0.62081195712104,-0.10018755037982885,0.527,0.0,0.0,0.5
1751442686.4211974,0.6118146828990033,-0.10018755037982885,0.478,0.0,0.0,0.5
1751442686.521257,0.6118146828990033,-0.10018755037982885,0.478,0.40487736300626354,-1.191118650472994,1.1
1751442686.6213186,0.6118146828990033,-0.10018755037982885,0.478,0.40487736300626354,-1.191118650472994,1.1
1751442686.7213778,0.6118146828990033,-0.10018755037982885,0.478,0.40487736300626354,-1.191118650472994,1.1
1751442686.8214386,0.6118146828990033,-0.10018755037982885,0.478,0.40487736300626354,-1.191118650472994,1.1
1751442686.9214993,0.6118146828990033,-0.10018755037982885,0.478,0.40487736300626354,-1.191118650472994,1.1
1751442687.0215585,0.6118146828990033,-0.10018755037982885,0.478,0.40487736300626354,-1.191118650472994,1.1
1751442687.1216187,0.6118146828990033,-0.10018755037982885,0.478,0.40487736300626354,-1.191118650472994,1.1
1751442687.221678,0.6118146828990033,-0.10018755037982885,0.478,0.40487736300626354,-1.191118650472994,1.1
1751442687.321738,0.6118146828990033,-0.10018755037982885,0.478,0.40487736300626354,-1.191118650472994,1.1
1751442687.4217973,0.59382013445493,-0.20037509996868508,0.701,0.40487736300626354,-1.191118650472994,1.1
1751442687.5218573,0.59382013445493,-0.20037509996868508,0.701,0.40487736300626354,-1.191118650472994,1.1
1751442687.6219168,0.59382013445493,-0.20037509996868508,0.701,0.40487736300626354,-1.191118650472994,1.1
1751442687.7219765,0.59382013445493,-0.20037509996868508,0.701,0.40487736300626354,-1.191118650472994,1.1
1751442687.8220358,0.59382013445493,-0.20037509996868508,0.701,0.40487736300626354,-1.191118650472994,1.1
1751442687.922097,0.59382013445493,-0.20037509996868508,0.701,0.40487736300626354,-1.191118650472994,1.1
1751442688.022158,0.59382013445493,-0.20037509996868508,0.701,0.40487736300626354,-1.191118650472994,1.1
1751442688.122216,0.59382013445493,-0.20037509996868508,0.701,0.40487736300626354,-1.191118650472994,1.1
1751442688.222277,0.59382013445493,-0.20037509996868508,0.701,0.40487736300626354,-1.191118650472994,1.1
1751442688.3223355,0.59382013445493,-0.20037509996868508,0.701,0.40487736300626354,-1.191118650472994,1.1
1751442688.4223967,0.5398364865655306,-0.5565975001766716,1.103,0.40487736300626354,-1.191118650472994,1.1
1751442688.5224552,0.5398364865655306,-0.5565975001766716,1.103,0.40487736300626354,-1.191118650472994,1.1
1751442688.6225164,0.5398364865655306,-0.5565975001766716,1.103,0.40487736300626354,-1.191118650472994,1.1
1751442688.722575,0.5398364865655306,-0.5565975001766716,1.103,0.40487736300626354,-1.191118650472994,1.1
1751442688.822636,0.5398364865655306,-0.5565975001766716,1.103,0.40487736300626354,-1.191118650472994,1.1
1751442688.9226942,0.5398364865655306,-0.5565975001766716,1.103,0.40487736300626354,-1.191118650472994,1.1
1751442689.0227556,0.5398364865655306,-0.5565975001766716,1.103,0.40487736300626354,-1.191118650472994,1.1
1751442689.1228147,0.5398364865655306,-0.5565975001766716,1.103,0.40487736300626354,-1.191118650472994,1.1
1751442689.2228756,0.5398364865655306,-0.5565975001766716,1.103,0.40487736300626354,-1.191118650472994,1.1
1751442689.3229337,0.5398364865655306,-0.5565975001766716,1.103,0.40487736300626354,-1.191118650472994,1.1
1751442689.4229949,0.46785828767487875,-0.8571601505251856,1.077,0.40487736300626354,-1.191118650472994,1.1
1751442689.5230534,0.46785828767487875,-0.8571601505251856,1.077,0.40487736300626354,-1.191118650472994,1.1
1751442689.6231143,0.46785828767487875,-0.8571601505251856,1.077,0.40487736300626354,-1.191118650472994,1.1
1751442689.7231724,0.46785828767487875,-0.8571601505251856,1.077,0.40487736300626354,-1.191118650472994,1.1
1751442689.8232334,0.46785828767487875,-0.8571601505251856,1.077,0.40487736300626354,-1.191118650472994,1.1
1751442689.9232907,0.46785828767487875,-0.8571601505251856,1.077,0.40487736300626354,-1.191118650472994,1.1
1751442690.023352,0.46785828767487875,-0.8571601505251856,1.077,0.40487736300626354,-1.191118650472994,1.1
1751442690.1234102,0.46785828767487875,-0.8571601505251856,1.077,0.40487736300626354,-1.191118650472994,1.1
1751442690.2234704,0.46785828767487875,-0.8571601505251856,1.077,0.40487736300626354,-1.191118650472994,1.1
1751442690.3235297,0.46785828767487875,-0.8571601505251856,1.077,0.40487736300626354,-1.191118650472994,1.1
1751442690.4235907,0.4408664624515895,-1.1131950003533433,1.136,0.40487736300626354,-1.191118650472994,1.1
1751442690.5236518,0.4408664624515895,-1.1131950003533433,1.136,0.40487736300626354,-1.191118650472994,1.1
1751442690.6237109,0.4408664624515895,-1.1131950003533433,1.136,0.40487736300626354,-1.191118650472994,1.1
1751442690.7237713,0.4408664624515895,-1.1131950003533433,1.136,0.40487736300626354,-1.191118650472994,1.1
1751442690.8238297,0.4408664624515895,-1.1131950003533433,1.136,0.40487736300626354,-1.191118650472994,1.1
1751442690.9238904,0.4408664624515895,-1.1131950003533433,1.136,0.40487736300626354,-1.191118650472994,1.1
1751442691.0239508,0.4408664624515895,-1.1131950003533433,1.136,0.40487736300626354,-1.191118650472994,1.1
1751442691.124015,0.4408664624515895,-1.1131950003533433,1.136,0.40487736300626354,-1.191118650472994,1.1
1751442691.2240775,0.4408664624515895,-1.1131950003533433,1.136,0.40487736300626354,-1.191118650472994,1.1
1751442691.3241363,0.4408664624515895,-1.1131950003533433,1.136,0.40487736300626354,-1.191118650472994,1.1
1751442691.4241962,0.37788554034015354,-1.2579103504625557,1.115,0.40487736300626354,-1.191118650472994,1.1
1751442691.524256,0.37788554034015354,-1.2579103504625557,1.115,0.40487736300626354,-1.191118650472994,1.1
1751442691.624316,0.37788554034015354,-1.2579103504625557,1.115,0.40487736300626354,-1.191118650472994,1.1
1751442691.724374,0.37788554034015354,-1.2579103504625557,1.115,0.40487736300626354,-1.191118650472994,1.1
1751442691.8244348,0.37788554034015354,-1.2579103504625557,1.115,0.40487736300626354,-1.191118650472994,1.1
1751442691.9244938,0.37788554034015354,-1.2579103504625557,1.115,0.40487736300626354,-1.191118650472994,1.1
1751442692.0245538,0.37788554034015354,-1.2579103504625557,1.115,0.40487736300626354,-1.191118650472994,1.1
1751442692.124613,0.37788554034015354,-1.2579103504625557,1.115,0.40487736300626354,-1.191118650472994,1.1
1751442692.2246737,0.37788554034015354,-1.2579103504625557,1.115,0.40487736300626354,-1.191118650472994,1.1
1751442692.324733,0.37788554034015354,-1.2579103504625557,1.115,0.40487736300626354,-1.191118650472994,1.1
1751442692.4247932,0.37788554034015354,-1.2690422998016722,1.129,0.40487736300626354,-1.191118650472994,1.1
1751442692.5248551,0.37788554034015354,-1.2690422998016722,1.129,0.40487736300626354,-1.191118650472994,1.1
1751442692.6249137,0.37788554034015354,-1.2690422998016722,1.129,0.40487736300626354,-1.191118650472994,1.1
1751442692.7249737,0.37788554034015354,-1.2690422998016722,1.129,0.40487736300626354,-1.191118650472994,1.1
1751442692.8250327,0.37788554034015354,-1.2690422998016722,1.129,0.40487736300626354,-1.191118650472994,1.1
1751442692.9250927,0.37788554034015354,-1.2690422998016722,1.129,0.40487736300626354,-1.191118650472994,1.1
1751442693.025151,0.37788554034015354,-1.2690422998016722,1.129,0.40487736300626354,-1.191118650472994,1.1
1751442693.125212,0.37788554034015354,-1.2690422998016722,1.129,0.40487736300626354,-1.191118650472994,1.1
1751442693.2252705,0.37788554034015354,-1.2690422998016722,1.129,0.40487736300626354,-1.191118650472994,1.1
1751442693.3253312,0.37788554034015354,-1.2690422998016722,1.129,0.40487736300626354,-1.191118650472994,1.1
1751442693.4253898,0.39588008878422687,-1.2133825499421995,1.125,0.40487736300626354,-1.191118650472994,1.1
1751442693.5254507,0.39588008878422687,-1.2133825499421995,1.125,0.40487736300626354,-1.191118650472994,1.1
1751442693.625509,0.39588008878422687,-1.2133825499421995,1.125,0.40487736300626354,-1.191118650472994,1.1
1751442693.725569,0.39588008878422687,-1.2133825499421995,1.125,0.40487736300626354,-1.191118650472994,1.1
1751442693.8256273,0.39588008878422687,-1.2133825499421995,1.125,0.40487736300626354,-1.191118650472994,1.1
1751442693.925687,0.39588008878422687,-1.2133825499421995,1.125,0.40487736300626354,-1.191118650472994,1.1
1751442694.0257454,0.39588008878422687,-1.2133825499421995,1.125,0.40487736300626354,-1.191118650472994,1.1
1751442694.1258054,0.39588008878422687,-1.2133825499421995,1.125,0.40487736300626354,-1.191118650472994,1.1
1751442694.225864,0.39588008878422687,-1.2133825499421995,1.125,0.40487736300626354,-1.191118650472994,1.1
1751442694.3259256,0.39588008878422687,-1.2133825499421995,1.125,0.40487736300626354,-1.191118650472994,1.1
1751442694.425984,0.42287191400751617,-1.168854750212816,1.12,0.40487736300626354,-1.191118650472994,1.1
1751442694.5260441,0.42287191400751617,-1.168854750212816,1.12,0.40487736300626354,-1.191118650472994,1.1
1751442694.6261036,0.42287191400751617,-1.168854750212816,1.12,0.40487736300626354,-1.191118650472994,1.1
1751442694.7261643,0.42287191400751617,-1.168854750212816,1.12,0.40487736300626354,-1.191118650472994,1.1
1751442694.8262236,0.42287191400751617,-1.168854750212816,1.12,0.40487736300626354,-1.191118650472994,1.1
1751442694.9262836,0.42287191400751617,-1.168854750212816,1.12,0.40487736300626354,-1.191118650472994,1.1
1751442695.0263422,0.42287191400751617,-1.168854750212816,1.12,0.40487736300626354,-1.191118650472994,1.1
1751442695.1264026,0.42287191400751617,-1.168854750212816,1.12,0.40487736300626354,-1.191118650472994,1.1
1751442695.226461,0.42287191400751617,-1.168854750212816,1.12,0.40487736300626354,-1.191118650472994,1.1
1751442695.3265207,0.42287191400751617,-1.168854750212816,1.12,0.40487736300626354,-1.191118650472994,1.1
1751442695.42658,0.4138746397854795,-1.179986700342905,1.117,0.40487736300626354,-1.191118650472994,1.1
1751442695.52664,0.4138746397854795,-1.179986700342905,1.117,0.40487736300626354,-1.191118650472994,1.1
1751442695.626699,0.4138746397854795,-1.179986700342905,1.117,0.40487736300626354,-1.191118650472994,1.1
1751442695.7267587,0.4138746397854795,-1.179986700342905,1.117,0.40487736300626354,-1.191118650472994,1.1
1751442695.8268168,0.4138746397854795,-1.179986700342905,1.117,0.40487736300626354,-1.191118650472994,1.1
1751442695.9268773,0.4138746397854795,-1.179986700342905,1.117,0.40487736300626354,-1.191118650472994,1.1
1751442696.0269356,0.4138746397854795,-1.179986700342905,1.117,0.40487736300626354,-1.191118650472994,1.1
1751442696.1269996,0.4138746397854795,-1.179986700342905,1.117,0.40487736300626354,-1.191118650472994,1.1
1751442696.2270615,0.4138746397854795,-1.179986700342905,1.117,0.40487736300626354,-1.191118650472994,1.1
1751442696.327123,0.4138746397854795,-1.179986700342905,1.117,0.40487736300626354,-1.191118650472994,1.1
1751442696.427183,0.43186918822955284,-1.2022505998121105,1.116,0.40487736300626354,-1.191118650472994,1.1
1751442696.527243,0.43186918822955284,-1.2022505998121105,1.116,0.40487736300626354,-1.191118650472994,1.1
1751442696.6273024,0.43186918822955284,-1.2022505998121105,1.116,0.40487736300626354,-1.191118650472994,1.1
1751442696.7273633,0.43186918822955284,-1.2022505998121105,1.116,0.40487736300626354,-1.191118650472994,1.1
1751442696.8274221,0.43186918822955284,-1.2022505998121105,1.116,0.40487736300626354,-1.191118650472994,1.1
1751442696.9274826,0.43186918822955284,-1.2022505998121105,1.116,0.40487736300626354,-1.191118650472994,1.1
1751442697.027542,0.43186918822955284,-1.2022505998121105,1.116,0.40487736300626354,-1.191118650472994,1.1
1751442697.1276016,0.43186918822955284,-1.2022505998121105,1.116,0.40487736300626354,-1.191118650472994,1.1
1751442697.2276618,0.43186918822955284,-1.2022505998121105,1.116,0.40487736300626354,-1.191118650472994,1.1
1751442697.3277209,0.43186918822955284,-1.2022505998121105,1.116,0.40487736300626354,-1.191118650472994,1.1
1751442697.427782,0.40487736300626354,-1.2133825499421995,1.113,0.40487736300626354,-1.191118650472994,1.1
1751442697.527841,0.40487736300626354,-1.2133825499421995,1.113,0.40487736300626354,-1.191118650472994,1.1
1751442697.6279018,0.40487736300626354,-1.2133825499421995,1.113,0.40487736300626354,-1.191118650472994,1.1
1751442697.7279606,0.40487736300626354,-1.2133825499421995,1.113,0.40487736300626354,-1.191118650472994,1.1
1751442697.8280213,0.40487736300626354,-1.2133825499421995,1.113,0.40487736300626354,-1.191118650472994,1.1
1751442697.92808,0.40487736300626354,-1.2133825499421995,1.113,0.40487736300626354,-1.191118650472994,1.1
1751442698.0281408,0.40487736300626354,-1.2133825499421995,1.113,0.40487736300626354,-1.191118650472994,1.1
1751442698.1281996,0.40487736300626354,-1.2133825499421995,1.113,0.40487736300626354,-1.191118650472994,1.1
1751442698.2282598,0.40487736300626354,-1.2133825499421995,1.113,0.40487736300626354,-1.191118650472994,1.1
1751442698.328318,0.40487736300626354,-1.2133825499421995,1.113,0.40487736300626354,-1.191118650472994,1.1
1751442698.4283788,0.4138746397854795,-1.2022505998121105,1.134,0.40487736300626354,-1.191118650472994,1.1
1751442698.5284395,0.4138746397854795,-1.2022505998121105,1.134,0.40487736300626354,-1.191118650472994,1.1
1751442698.628499,0.4138746397854795,-1.2022505998121105,1.134,0.40487736300626354,-1.191118650472994,1.1
1751442698.7285597,0.4138746397854795,-1.2022505998121105,1.134,0.40487736300626354,-1.191118650472994,1.1
1751442698.8286178,0.4138746397854795,-1.2022505998121105,1.134,0.40487736300626354,-1.191118650472994,1.1
1751442698.9286754,0.4138746397854795,-1.2022505998121105,1.134,0.40487736300626354,-1.191118650472994,1.1
1751442699.0287364,0.4138746397854795,-1.2022505998121105,1.134,0.40487736300626354,-1.191118650472994,1.1
1751442699.1287944,0.4138746397854795,-1.2022505998121105,1.134,0.40487736300626354,-1.191118650472994,1.1
1751442699.2288518,0.4138746397854795,-1.2022505998121105,1.134,0.40487736300626354,-1.191118650472994,1.1
1751442699.3289087,0.4138746397854795,-1.2022505998121105,1.134,0.40487736300626354,-1.191118650472994,1.1
1751442699.4289691,0.36888826611811687,-1.2022505998121105,1.123,0.40487736300626354,-1.191118650472994,1.1
1751442699.5290265,0.36888826611811687,-1.2022505998121105,1.123,0.40487736300626354,-1.191118650472994,1.1
1751442699.6290855,0.36888826611811687,-1.2022505998121105,1.123,0.40487736300626354,-1.191118650472994,1.1
1751442699.7291453,0.36888826611811687,-1.2022505998121105,1.123,0.40487736300626354,-1.191118650472994,1.1
1751442699.8292117,0.36888826611811687,-1.2022505998121105,1.123,0.40487736300626354,-1.191118650472994,1.1
1751442699.9292765,0.36888826611811687,-1.2022505998121105,1.123,0.40487736300626354,-1.191118650472994,1.1
1751442700.0293353,0.36888826611811687,-1.2022505998121105,1.123,0.40487736300626354,-1.191118650472994,1.1
1751442700.1293952,0.36888826611811687,-1.2022505998121105,1.123,0.40487736300626354,-1.191118650472994,1.1
1751442700.2294557,0.36888826611811687,-1.2022505998121105,1.123,0.40487736300626354,-1.191118650472994,1.1
1751442700.329514,0.36888826611811687,-1.2022505998121105,1.123,0.40487736300626354,-1.191118650472994,1.1
1751442700.4295745,0.4138746397854795,-1.168854750212816,1.121,0.40487736300626354,-1.191118650472994,1.1
1751442700.5296342,0.4138746397854795,-1.168854750212816,1.121,0.40487736300626354,-1.191118650472994,1.1
1751442700.6296926,0.4138746397854795,-1.168854750212816,1.121,0.40487736300626354,-1.191118650472994,1.1
1751442700.729753,0.4138746397854795,-1.168854750212816,1.121,0.40487736300626354,-1.191118650472994,1.1
1751442700.8298116,0.4138746397854795,-1.168854750212816,1.121,0.40487736300626354,-1.191118650472994,1.1
1751442700.9298708,0.4138746397854795,-1.168854750212816,1.121,0.40487736300626354,-1.191118650472994,1.1
1751442701.029929,0.4138746397854795,-1.168854750212816,1.121,0.40487736300626354,-1.191118650472994,1.1
1751442701.1299949,0.4138746397854795,-1.168854750212816,1.121,0.40487736300626354,-1.191118650472994,1.1
1751442701.2300565,0.4138746397854795,-1.168854750212816,1.121,0.40487736300626354,-1.191118650472994,1.1
1751442701.3301303,0.4138746397854795,-1.168854750212816,1.121,0.40487736300626354,-1.191118650472994,1.1
1751442701.4301946,0.4138746397854795,-1.179986700342905,1.118,0.40487736300626354,-1.191118650472994,1.1
1751442701.530257,0.4138746397854795,-1.179986700342905,1.118,0.40487736300626354,-1.191118650472994,1.1
1751442701.6303165,0.4138746397854795,-1.179986700342905,1.118,0.40487736300626354,-1.191118650472994,1.1
1751442701.7303772,0.4138746397854795,-1.179986700342905,1.118,0.40487736300626354,-1.191118650472994,1.1
1751442701.8304365,0.4138746397854795,-1.179986700342905,1.118,0.40487736300626354,-1.191118650472994,1.1
1751442701.930496,0.4138746397854795,-1.179986700342905,1.118,0.40487736300626354,-1.191118650472994,1.1
1751442702.0305545,0.4138746397854795,-1.179986700342905,1.118,0.40487736300626354,-1.191118650472994,1.1
1751442702.1306152,0.4138746397854795,-1.179986700342905,1.118,0.40487736300626354,-1.191118650472994,1.1
1751442702.2306736,0.4138746397854795,-1.179986700342905,1.118,0.40487736300626354,-1.191118650472994,1.1
1751442702.3307338,0.4138746397854795,-1.179986700342905,1.118,0.40487736300626354,-1.191118650472994,1.1
1751442702.4307923,0.42287191400751617,-1.179986700342905,1.114,0.40487736300626354,-1.191118650472994,1.1
1751442702.5308523,0.42287191400751617,-1.179986700342905,1.114,0.40487736300626354,-1.191118650472994,1.1
1751442702.6309109,0.42287191400751617,-1.179986700342905,1.114,0.40487736300626354,-1.191118650472994,1.1
1751442702.7309706,0.42287191400751617,-1.179986700342905,1.114,0.40487736300626354,-1.191118650472994,1.1
1751442702.831029,0.42287191400751617,-1.179986700342905,1.114,0.40487736300626354,-1.191118650472994,1.1
1751442702.9310894,0.42287191400751617,-1.179986700342905,1.114,0.40487736300626354,-1.191118650472994,1.1
1751442703.031148,0.42287191400751617,-1.179986700342905,1.114,0.40487736300626354,-1.191118650472994,1.1
1751442703.1312077,0.42287191400751617,-1.179986700342905,1.114,0.40487736300626354,-1.191118650472994,1.1
1751442703.231266,0.42287191400751617,-1.179986700342905,1.114,0.40487736300626354,-1.191118650472994,1.1
1751442703.331326,0.42287191400751617,-1.179986700342905,1.114,0.40487736300626354,-1.191118650472994,1.1
1751442703.4313858,0.42287191400751617,-1.2133825499421995,1.095,0.40487736300626354,-1.191118650472994,1.1
1751442703.5314465,0.42287191400751617,-1.2133825499421995,1.095,0.40487736300626354,-1.191118650472994,1.1
1751442703.6315057,0.42287191400751617,-1.2133825499421995,1.095,0.40487736300626354,-1.191118650472994,1.1
1751442703.7315664,0.42287191400751617,-1.2133825499421995,1.095,0.40487736300626354,-1.191118650472994,1.1
1751442703.8316238,0.42287191400751617,-1.2133825499421995,1.095,0.40487736300626354,-1.191118650472994,1.1
1751442703.9316823,0.42287191400751617,-1.2133825499421995,1.095,0.40487736300626354,-1.191118650472994,1.1
1751442704.0317426,0.42287191400751617,-1.2133825499421995,1.095,0.40487736300626354,-1.191118650472994,1.1
1751442704.1318011,0.42287191400751617,-1.2133825499421995,1.095,0.40487736300626354,-1.191118650472994,1.1
1751442704.2318618,0.42287191400751617,-1.2133825499421995,1.095,0.40487736300626354,-1.191118650472994,1.1
1751442704.3319192,0.42287191400751617,-1.2133825499421995,1.095,0.40487736300626354,-1.191118650472994,1.1
1751442704.43198,0.3868828145621902,-1.2022505998121105,1.108,0.40487736300626354,-1.191118650472994,1.1
1751442704.532039,0.3868828145621902,-1.2022505998121105,1.108,0.40487736300626354,-1.191118650472994,1.1
1751442704.6320996,0.3868828145621902,-1.2022505998121105,1.108,0.40487736300626354,-1.191118650472994,1.1
1751442704.7321591,0.3868828145621902,-1.2022505998121105,1.108,0.40487736300626354,-1.191118650472994,1.1
1751442704.83222,0.3868828145621902,-1.2022505998121105,1.108,0.40487736300626354,-1.191118650472994,1.1
1751442704.9322789,0.3868828145621902,-1.2022505998121105,1.108,0.40487736300626354,-1.191118650472994,1.1
1751442705.0323389,0.3868828145621902,-1.2022505998121105,1.108,0.40487736300626354,-1.191118650472994,1.1
1751442705.132398,0.3868828145621902,-1.2022505998121105,1.108,0.40487736300626354,-1.191118650472994,1.1
1751442705.2324586,0.3868828145621902,-1.2022505998121105,1.108,0.40487736300626354,-1.191118650472994,1.1
1751442705.3325174,0.3868828145621902,-1.2022505998121105,1.108,0.40487736300626354,-1.191118650472994,1.1
1751442705.4325774,0.40487736300626354,-1.2022505998121105,1.093,0.40487736300626354,-1.191118650472994,1.1
1751442705.5326364,0.40487736300626354,-1.2022505998121105,1.093,0.40487736300626354,-1.191118650472994,1.1
1751442705.632697,0.40487736300626354,-1.2022505998121105,1.093,0.40487736300626354,-1.191118650472994,1.1
1751442705.7327561,0.40487736300626354,-1.2022505998121105,1.093,0.40487736300626354,-1.191118650472994,1.1
1751442705.8328168,0.40487736300626354,-1.2022505998121105,1.093,0.40487736300626354,-1.191118650472994,1.1
1751442705.9328756,0.40487736300626354,-1.2022505998121105,1.093,0.40487736300626354,-1.191118650472994,1.1
1751442706.0329356,0.40487736300626354,-1.2022505998121105,1.093,0.40487736300626354,-1.191118650472994,1.1
1751442706.1330001,0.40487736300626354,-1.2022505998121105,1.093,0.40487736300626354,-1.191118650472994,1.1
1751442706.2330627,0.40487736300626354,-1.2022505998121105,1.093,0.40487736300626354,-1.191118650472994,1.1
1751442706.3331215,0.40487736300626354,-1.2022505998121105,1.093,0.40487736300626354,-1.191118650472994,1.1
1751442706.4331827,0.40487736300626354,-1.191118650472994,1.099,0.40487736300626354,-1.191118650472994,1.1
1751442706.5332422,0.40487736300626354,-1.191118650472994,1.099,0.40487736300626354,-1.191118650472994,1.1
1751442706.6333034,0.40487736300626354,-1.191118650472994,1.099,0.40487736300626354,-1.191118650472994,1.1
1751442706.733362,0.40487736300626354,-1.191118650472994,1.099,0.40487736300626354,-1.191118650472994,1.1
1751442706.8334222,0.40487736300626354,-1.191118650472994,1.099,0.40487736300626354,-1.191118650472994,1.1
1751442706.9334803,0.40487736300626354,-1.191118650472994,1.099,0.40487736300626354,-1.191118650472994,1.1
1751442707.0335402,0.40487736300626354,-1.191118650472994,1.099,0.40487736300626354,-1.191118650472994,1.1
1751442707.1335986,0.40487736300626354,-1.191118650472994,1.099,0.40487736300626354,-1.191118650472994,1.1
1751442707.233659,0.40487736300626354,-1.191118650472994,1.099,0.40487736300626354,-1.191118650472994,1.1
1751442707.333718,0.40487736300626354,-1.191118650472994,1.099,0.40487736300626354,-1.191118650472994,1.1
1751442707.4337797,0.39588008878422687,-1.191118650472994,1.09,0.40487736300626354,-1.191118650472994,1.1
1751442707.5338378,0.39588008878422687,-1.191118650472994,1.09,0.40487736300626354,-1.191118650472994,1.1
1751442707.6338987,0.39588008878422687,-1.191118650472994,1.09,0.40487736300626354,-1.191118650472994,1.1
1751442707.7339575,0.39588008878422687,-1.191118650472994,1.09,0.40487736300626354,-1.191118650472994,1.1
1751442707.8340175,0.39588008878422687,-1.191118650472994,1.09,0.40487736300626354,-1.191118650472994,1.1
1751442707.934076,0.39588008878422687,-1.191118650472994,1.09,0.40487736300626354,-1.191118650472994,1.1
1751442708.0341368,0.39588008878422687,-1.191118650472994,1.09,0.40487736300626354,-1.191118650472994,1.1
1751442708.1341958,0.39588008878422687,-1.191118650472994,1.09,0.40487736300626354,-1.191118650472994,1.1
1751442708.2342563,0.39588008878422687,-1.191118650472994,1.09,0.40487736300626354,-1.191118650472994,1.1
1751442708.3343163,0.39588008878422687,-1.191118650472994,1.09,0.40487736300626354,-1.191118650472994,1.1
1751442708.4343774,0.4138746397854795,-1.179986700342905,1.095,0.40487736300626354,-1.191118650472994,1.1
1751442708.5344384,0.4138746397854795,-1.179986700342905,1.095,0.40487736300626354,-1.191118650472994,1.1
1751442708.6344993,0.4138746397854795,-1.179986700342905,1.095,0.40487736300626354,-1.191118650472994,1.1
1751442708.7345576,0.4138746397854795,-1.179986700342905,1.095,0.40487736300626354,-1.191118650472994,1.1
1751442708.8346183,0.4138746397854795,-1.179986700342905,1.095,0.40487736300626354,-1.191118650472994,1.1
1751442708.9346776,0.4138746397854795,-1.179986700342905,1.095,0.40487736300626354,-1.191118650472994,1.1
1751442709.0347385,0.4138746397854795,-1.179986700342905,1.095,0.40487736300626354,-1.191118650472994,1.1
1751442709.1347973,0.4138746397854795,-1.179986700342905,1.095,0.40487736300626354,-1.191118650472994,1.1
1751442709.2348583,0.4138746397854795,-1.179986700342905,1.095,0.40487736300626354,-1.191118650472994,1.1
1751442709.334917,0.4138746397854795,-1.179986700342905,1.095,0.40487736300626354,-1.191118650472994,1.1
1751442709.434978,0.40487736300626354,-1.179986700342905,1.092,0.40487736300626354,-1.191118650472994,1.1
1751442709.5350385,0.40487736300626354,-1.179986700342905,1.092,0.40487736300626354,-1.191118650472994,1.1
1751442709.6350975,0.40487736300626354,-1.179986700342905,1.092,0.40487736300626354,-1.191118650472994,1.1
1751442709.7351582,0.40487736300626354,-1.179986700342905,1.092,0.40487736300626354,-1.191118650472994,1.1
1751442709.8352163,0.40487736300626354,-1.179986700342905,1.092,0.40487736300626354,-1.191118650472994,1.1
1751442709.935277,0.40487736300626354,-1.179986700342905,1.092,0.40487736300626354,-1.191118650472994,1.1
1751442710.0353358,0.40487736300626354,-1.179986700342905,1.092,0.40487736300626354,-1.191118650472994,1.1
1751442710.1353967,0.40487736300626354,-1.179986700342905,1.092,0.40487736300626354,-1.191118650472994,1.1
1751442710.2354558,0.40487736300626354,-1.179986700342905,1.092,0.40487736300626354,-1.191118650472994,1.1
1751442710.3355165,0.40487736300626354,-1.179986700342905,1.092,0.40487736300626354,-1.191118650472994,1.1
1751442710.435576,0.3868828145621902,-1.191118650472994,1.097,0.40487736300626354,-1.191118650472994,1.1
1751442710.535637,0.3868828145621902,-1.191118650472994,1.097,0.40487736300626354,-1.191118650472994,1.1
1751442710.6356978,0.3868828145621902,-1.191118650472994,1.097,0.40487736300626354,-1.191118650472994,1.1
1751442710.7357569,0.3868828145621902,-1.191118650472994,1.097,0.40487736300626354,-1.191118650472994,1.1
1751442710.8358176,0.3868828145621902,-1.191118650472994,1.097,0.40487736300626354,-1.191118650472994,1.1
1751442710.9358761,0.3868828145621902,-1.191118650472994,1.097,0.40487736300626354,-1.191118650472994,1.1
1751442711.0359366,0.3868828145621902,-1.191118650472994,1.097,0.40487736300626354,-1.191118650472994,1.1
1751442711.1360018,0.3868828145621902,-1.191118650472994,1.097,0.40487736300626354,-1.191118650472994,1.1
1751442711.2360656,0.3868828145621902,-1.191118650472994,1.097,0.40487736300626354,-1.191118650472994,1.1
1751442711.336125,0.3868828145621902,-1.191118650472994,1.097,0.40487736300626354,-1.191118650472994,1.1
1751442711.4361863,0.40487736300626354,-1.191118650472994,1.103,0.40487736300626354,-1.191118650472994,1.1
1751442711.5362473,0.40487736300626354,-1.191118650472994,1.103,0.40487736300626354,-1.191118650472994,1.1
1751442711.636307,0.40487736300626354,-1.191118650472994,1.103,0.40487736300626354,-1.191118650472994,1.1
1751442711.7363677,0.40487736300626354,-1.191118650472994,1.103,0.40487736300626354,-1.191118650472994,1.1
1751442711.836427,0.40487736300626354,-1.191118650472994,1.103,0.40487736300626354,-1.191118650472994,1.1
1751442711.9364874,0.40487736300626354,-1.191118650472994,1.103,0.40487736300626354,-1.191118650472994,1.1
1751442712.0365462,0.40487736300626354,-1.191118650472994,1.103,0.40487736300626354,-1.191118650472994,1.1
1751442712.136607,0.40487736300626354,-1.191118650472994,1.103,0.40487736300626354,-1.191118650472994,1.1
1751442712.2366664,0.40487736300626354,-1.191118650472994,1.103,0.40487736300626354,-1.191118650472994,1.1
1751442712.336728,0.40487736300626354,-1.191118650472994,1.103,0.40487736300626354,-1.191118650472994,1.1
1751442712.4367871,0.39588008878422687,-1.191118650472994,1.108,0.40487736300626354,-1.191118650472994,1.1
1751442712.5368469,0.39588008878422687,-1.191118650472994,1.108,0.40487736300626354,-1.191118650472994,1.1
1751442712.636908,0.39588008878422687,-1.191118650472994,1.108,0.40487736300626354,-1.191118650472994,1.1
1751442712.736967,0.39588008878422687,-1.191118650472994,1.108,0.40487736300626354,-1.191118650472994,1.1
1751442712.837028,0.39588008878422687,-1.191118650472994,1.108,0.40487736300626354,-1.191118650472994,1.1
1751442712.937087,0.39588008878422687,-1.191118650472994,1.108,0.40487736300626354,-1.191118650472994,1.1
1751442713.0371482,0.39588008878422687,-1.191118650472994,1.108,0.40487736300626354,-1.191118650472994,1.1
1751442713.137207,0.39588008878422687,-1.191118650472994,1.108,0.40487736300626354,-1.191118650472994,1.1
1751442713.237268,0.39588008878422687,-1.191118650472994,1.108,0.40487736300626354,-1.191118650472994,1.1
1751442713.337327,0.39588008878422687,-1.191118650472994,1.108,0.40487736300626354,-1.191118650472994,1.1
1751442713.4373882,0.43186918822955284,-1.191118650472994,1.111,0.40487736300626354,-1.191118650472994,1.1
1751442713.5374467,0.43186918822955284,-1.191118650472994,1.111,0.40487736300626354,-1.191118650472994,1.1
1751442713.6375082,0.43186918822955284,-1.191118650472994,1.111,0.40487736300626354,-1.191118650472994,1.1
1751442713.7375672,0.43186918822955284,-1.191118650472994,1.111,0.40487736300626354,-1.191118650472994,1.1
1751442713.8376281,0.43186918822955284,-1.191118650472994,1.111,0.40487736300626354,-1.191118650472994,1.1
1751442713.9376872,0.43186918822955284,-1.191118650472994,1.111,0.40487736300626354,-1.191118650472994,1.1
1751442714.0377476,0.43186918822955284,-1.191118650472994,1.111,0.40487736300626354,-1.191118650472994,1.1
1751442714.137806,0.43186918822955284,-1.191118650472994,1.111,0.40487736300626354,-1.191118650472994,1.1
1751442714.2378664,0.43186918822955284,-1.191118650472994,1.111,0.40487736300626354,-1.191118650472994,1.1
1751442714.3379257,0.43186918822955284,-1.191118650472994,1.111,0.40487736300626354,-1.191118650472994,1.1
1751442714.4379869,0.43186918822955284,-1.191118650472994,1.109,0.40487736300626354,-1.191118650472994,1.1
1751442714.538046,0.43186918822955284,-1.191118650472994,1.109,0.40487736300626354,-1.191118650472994,1.1
1751442714.638107,0.43186918822955284,-1.191118650472994,1.109,0.40487736300626354,-1.191118650472994,1.1
1751442714.738166,0.43186918822955284,-1.191118650472994,1.109,0.40487736300626354,-1.191118650472994,1.1
1751442714.8382273,0.43186918822955284,-1.191118650472994,1.109,0.40487736300626354,-1.191118650472994,1.1
1751442714.9382868,0.43186918822955284,-1.191118650472994,1.109,0.40487736300626354,-1.191118650472994,1.1
1751442715.0383475,0.43186918822955284,-1.191118650472994,1.109,0.40487736300626354,-1.191118650472994,1.1
1751442715.1384065,0.43186918822955284,-1.191118650472994,1.109,0.40487736300626354,-1.191118650472994,1.1
1751442715.238467,0.43186918822955284,-1.191118650472994,1.109,0.40487736300626354,-1.191118650472994,1.1
1751442715.3385262,0.43186918822955284,-1.191118650472994,1.109,0.40487736300626354,-1.191118650472994,1.1
1751442715.4385872,0.37788554034015354,-1.191118650472994,1.13,0.40487736300626354,-1.191118650472994,1.1
1751442715.5386462,0.37788554034015354,-1.191118650472994,1.13,0.40487736300626354,-1.191118650472994,1.1
1751442715.638707,0.37788554034015354,-1.191118650472994,1.13,0.40487736300626354,-1.191118650472994,1.1
1751442715.7387648,0.37788554034015354,-1.191118650472994,1.13,0.40487736300626354,-1.191118650472994,1.1
1751442715.8388252,0.37788554034015354,-1.191118650472994,1.13,0.40487736300626354,-1.191118650472994,1.1
1751442715.938884,0.37788554034015354,-1.191118650472994,1.13,0.40487736300626354,-1.191118650472994,1.1
1751442716.0389445,0.37788554034015354,-1.191118650472994,1.13,0.40487736300626354,-1.191118650472994,1.1
1751442716.139008,0.37788554034015354,-1.191118650472994,1.13,0.40487736300626354,-1.191118650472994,1.1
1751442716.239072,0.37788554034015354,-1.191118650472994,1.13,0.40487736300626354,-1.191118650472994,1.1
1751442716.339131,0.37788554034015354,-1.191118650472994,1.13,0.40487736300626354,-1.191118650472994,1.1
1751442716.4391925,0.3868828145621902,-1.2022505998121105,1.108,0.40487736300626354,-1.191118650472994,1.1
1751442716.5392516,0.3868828145621902,-1.2022505998121105,1.108,0.40487736300626354,-1.191118650472994,1.1
1751442716.6393127,0.3868828145621902,-1.2022505998121105,1.108,0.40487736300626354,-1.191118650472994,1.1
1751442716.739373,0.3868828145621902,-1.2022505998121105,1.108,0.40487736300626354,-1.191118650472994,1.1
1751442716.839434,0.3868828145621902,-1.2022505998121105,1.108,0.40487736300626354,-1.191118650472994,1.1
1751442716.9394927,0.3868828145621902,-1.2022505998121105,1.108,0.40487736300626354,-1.191118650472994,1.1
1751442717.0395536,0.3868828145621902,-1.2022505998121105,1.108,0.40487736300626354,-1.191118650472994,1.1
1751442717.1396124,0.3868828145621902,-1.2022505998121105,1.108,0.40487736300626354,-1.191118650472994,1.1
1751442717.2396724,0.3868828145621902,-1.2022505998121105,1.108,0.40487736300626354,-1.191118650472994,1.1
1751442717.3397312,0.3868828145621902,-1.2022505998121105,1.108,0.40487736300626354,-1.191118650472994,1.1
1751442717.4397924,0.39588008878422687,-1.191118650472994,1.121,0.40487736300626354,-1.191118650472994,1.1
1751442717.5398512,0.39588008878422687,-1.191118650472994,1.121,0.40487736300626354,-1.191118650472994,1.1
1751442717.6399121,0.39588008878422687,-1.191118650472994,1.121,0.40487736300626354,-1.191118650472994,1.1
1751442717.7399852,0.39588008878422687,-1.191118650472994,1.121,0.40487736300626354,-1.191118650472994,1.1
1751442717.8400488,0.39588008878422687,-1.191118650472994,1.121,0.40487736300626354,-1.191118650472994,1.1
1751442717.9401097,0.39588008878422687,-1.191118650472994,1.121,0.40487736300626354,-1.191118650472994,1.1
1751442718.040169,0.39588008878422687,-1.191118650472994,1.121,0.40487736300626354,-1.191118650472994,1.1
1751442718.1402295,0.39588008878422687,-1.191118650472994,1.121,0.40487736300626354,-1.191118650472994,1.1
1751442718.2402887,0.39588008878422687,-1.191118650472994,1.121,0.40487736300626354,-1.191118650472994,1.1
1751442718.34035,0.39588008878422687,-1.191118650472994,1.121,0.40487736300626354,-1.191118650472994,1.1
1751442718.4404094,0.4138746397854795,-1.191118650472994,1.11,0.40487736300626354,-1.191118650472994,1.1
1751442718.5404704,0.4138746397854795,-1.191118650472994,1.11,0.40487736300626354,-1.191118650472994,1.1
1751442718.6405284,0.4138746397854795,-1.191118650472994,1.11,0.40487736300626354,-1.191118650472994,1.1
1751442718.7405894,0.4138746397854795,-1.191118650472994,1.11,0.40487736300626354,-1.191118650472994,1.1
1751442718.8406482,0.4138746397854795,-1.191118650472994,1.11,0.40487736300626354,-1.191118650472994,1.1
1751442718.9407089,0.4138746397854795,-1.191118650472994,1.11,0.40487736300626354,-1.191118650472994,1.1
1751442719.040768,0.4138746397854795,-1.191118650472994,1.11,0.40487736300626354,-1.191118650472994,1.1
1751442719.1408284,0.4138746397854795,-1.191118650472994,1.11,0.40487736300626354,-1.191118650472994,1.1
1751442719.2408874,0.4138746397854795,-1.191118650472994,1.11,0.40487736300626354,-1.191118650472994,1.1
1751442719.3409472,0.4138746397854795,-1.191118650472994,1.11,0.40487736300626354,-1.191118650472994,1.1
1751442719.4410067,0.39588008878422687,-1.179986700342905,1.09,0.40487736300626354,-1.191118650472994,1.1
1751442719.5410674,0.39588008878422687,-1.179986700342905,1.09,0.40487736300626354,-1.191118650472994,1.1
1751442719.6411264,0.39588008878422687,-1.179986700342905,1.09,0.40487736300626354,-1.191118650472994,1.1
1751442719.7411869,0.39588008878422687,-1.179986700342905,1.09,0.40487736300626354,-1.191118650472994,1.1
1751442719.8412461,0.39588008878422687,-1.179986700342905,1.09,0.40487736300626354,-1.191118650472994,1.1
1751442719.9413068,0.39588008878422687,-1.179986700342905,1.09,0.40487736300626354,-1.191118650472994,1.1
1751442720.0413659,0.39588008878422687,-1.179986700342905,1.09,0.40487736300626354,-1.191118650472994,1.1
1751442720.1414263,0.39588008878422687,-1.179986700342905,1.09,0.40487736300626354,-1.191118650472994,1.1
1751442720.2414854,0.39588008878422687,-1.179986700342905,1.09,0.40487736300626354,-1.191118650472994,1.1
1751442720.3415456,0.39588008878422687,-1.179986700342905,1.09,0.40487736300626354,-1.191118650472994,1.1
1751442720.4416044,0.4138746397854795,-1.191118650472994,1.104,0.40487736300626354,-1.191118650472994,1.1
1751442720.5416644,0.4138746397854795,-1.191118650472994,1.104,0.40487736300626354,-1.191118650472994,1.1
1751442720.6417232,0.4138746397854795,-1.191118650472994,1.104,0.40487736300626354,-1.191118650472994,1.1
1751442720.7417839,0.4138746397854795,-1.191118650472994,1.104,0.40487736300626354,-1.191118650472994,1.1
1751442720.8418448,0.4138746397854795,-1.191118650472994,1.104,0.40487736300626354,-1.191118650472994,1.1
1751442720.941903,0.4138746397854795,-1.191118650472994,1.104,0.40487736300626354,-1.191118650472994,1.1
1751442721.0419638,0.4138746397854795,-1.191118650472994,1.104,0.40487736300626354,-1.191118650472994,1.1
1751442721.142028,0.4138746397854795,-1.191118650472994,1.104,0.40487736300626354,-1.191118650472994,1.1
1751442721.2420924,0.4138746397854795,-1.191118650472994,1.104,0.40487736300626354,-1.191118650472994,1.1
1751442721.3421519,0.4138746397854795,-1.191118650472994,1.104,0.40487736300626354,-1.191118650472994,1.1
1751442721.4422133,0.42287191400751617,-1.2022505998121105,1.093,0.40487736300626354,-1.191118650472994,1.1
1751442721.5422735,0.42287191400751617,-1.2022505998121105,1.093,0.40487736300626354,-1.191118650472994,1.1
1751442721.642334,0.42287191400751617,-1.2022505998121105,1.093,0.40487736300626354,-1.191118650472994,1.1
1751442721.7423918,0.42287191400751617,-1.2022505998121105,1.093,0.40487736300626354,-1.191118650472994,1.1
1751442721.842453,0.42287191400751617,-1.2022505998121105,1.093,0.40487736300626354,-1.191118650472994,1.1
1751442721.9425182,0.42287191400751617,-1.2022505998121105,1.093,0.40487736300626354,-1.191118650472994,1.1
1751442722.042581,0.42287191400751617,-1.2022505998121105,1.093,0.40487736300626354,-1.191118650472994,1.1
1751442722.1426406,0.42287191400751617,-1.2022505998121105,1.093,0.40487736300626354,-1.191118650472994,1.1
1751442722.2427015,0.42287191400751617,-1.2022505998121105,1.093,0.40487736300626354,-1.191118650472994,1.1
1751442722.3427596,0.42287191400751617,-1.2022505998121105,1.093,0.40487736300626354,-1.191118650472994,1.1
1751442722.4428205,0.42287191400751617,-1.2022505998121105,1.093,0.40487736300626354,-1.191118650472994,1.1
1751442722.5428796,0.42287191400751617,-1.2022505998121105,1.093,0.40487736300626354,-1.191118650472994,1.1
1751442722.64294,0.42287191400751617,-1.2022505998121105,1.093,0.40487736300626354,-1.191118650472994,1.1
1751442722.743001,0.42287191400751617,-1.2022505998121105,1.093,0.40487736300626354,-1.191118650472994,1.1
1751442722.8430686,0.42287191400751617,-1.2022505998121105,1.093,0.40487736300626354,-1.191118650472994,1.1
1751442722.943134,0.42287191400751617,-1.2022505998121105,1.093,0.40487736300626354,-1.191118650472994,1.1
1751442723.043201,0.42287191400751617,-1.2022505998121105,1.093,0.40487736300626354,-1.191118650472994,1.1
1751442723.1432667,0.42287191400751617,-1.2022505998121105,1.093,0.40487736300626354,-1.191118650472994,1.1
1751442723.243302,0.42287191400751617,-1.2022505998121105,1.093,0.40487736300626354,-1.191118650472994,1.1
1751442723.3433607,0.42287191400751617,-1.2022505998121105,1.093,0.40487736300626354,-1.191118650472994,1.1
1751442723.4434254,0.42287191400751617,-1.2022505998121105,1.093,0.40487736300626354,-1.191118650472994,1.1
1751442723.5434823,0.42287191400751617,-1.2022505998121105,1.093,0.40487736300626354,-1.191118650472994,1.1
1751442723.6435394,0.42287191400751617,-1.2022505998121105,1.093,0.40487736300626354,-1.191118650472994,1.1
1751442723.7435994,0.42287191400751617,-1.2022505998121105,1.093,0.40487736300626354,-1.191118650472994,1.1
1751442723.8436584,0.42287191400751617,-1.2022505998121105,1.093,0.40487736300626354,-1.191118650472994,1.1
1751442723.9437163,0.42287191400751617,-1.2022505998121105,1.093,0.40487736300626354,-1.191118650472994,1.1
1751442724.043775,0.42287191400751617,-1.2022505998121105,1.093,0.40487736300626354,-1.191118650472994,1.1
1751442724.1438315,0.42287191400751617,-1.2022505998121105,1.093,0.40487736300626354,-1.191118650472994,1.1
1751442724.2438886,0.42287191400751617,-1.2022505998121105,1.093,0.40487736300626354,-1.191118650472994,1.1
1751442724.3439467,0.42287191400751617,-1.2022505998121105,1.093,0.40487736300626354,-1.191118650472994,1.1
1751442724.4440043,0.42287191400751617,-1.2022505998121105,1.093,0.40487736300626354,-1.191118650472994,1.1
1751442724.544061,0.42287191400751617,-1.2022505998121105,1.093,0.40487736300626354,-1.191118650472994,1.1
1751442724.6441188,0.42287191400751617,-1.2022505998121105,1.093,0.40487736300626354,-1.191118650472994,1.1
1751442724.7441754,0.42287191400751617,-1.2022505998121105,1.093,0.40487736300626354,-1.191118650472994,1.1
1751442724.8442333,0.42287191400751617,-1.2022505998121105,1.093,0.40487736300626354,-1.191118650472994,1.1
1751442724.9442918,0.42287191400751617,-1.2022505998121105,1.093,0.40487736300626354,-1.191118650472994,1.1
1751442725.0443501,0.42287191400751617,-1.2022505998121105,1.093,0.40487736300626354,-1.191118650472994,1.1
1751442725.1444077,0.42287191400751617,-1.2022505998121105,1.093,0.40487736300626354,-1.191118650472994,1.1
1751442725.2444668,0.42287191400751617,-1.2022505998121105,1.093,0.40487736300626354,-1.191118650472994,1.1
1751442725.3445244,0.42287191400751617,-1.2022505998121105,1.093,0.40487736300626354,-1.191118650472994,1.1
1751442725.4445822,0.42287191400751617,-1.2022505998121105,1.093,0.40487736300626354,-1.191118650472994,1.1
1751442725.5446396,0.42287191400751617,-1.2022505998121105,1.093,0.40487736300626354,-1.191118650472994,1.1
1751442725.6446974,0.42287191400751617,-1.2022505998121105,1.093,0.40487736300626354,-1.191118650472994,1.1
1751442725.7447548,0.42287191400751617,-1.2022505998121105,1.093,0.40487736300626354,-1.191118650472994,1.1
1751442725.8448129,0.42287191400751617,-1.2022505998121105,1.093,0.40487736300626354,-1.191118650472994,1.1
1751442725.9448693,0.42287191400751617,-1.2022505998121105,1.093,0.40487736300626354,-1.191118650472994,1.1
1751442726.044928,0.42287191400751617,-1.2022505998121105,1.093,0.40487736300626354,-1.191118650472994,1.1
1751442726.1449854,0.42287191400751617,-1.2022505998121105,1.093,0.40487736300626354,-1.191118650472994,1.1
1751442726.2450435,0.42287191400751617,-1.2022505998121105,1.093,0.40487736300626354,-1.191118650472994,1.1
1751442726.3451018,0.42287191400751617,-1.2022505998121105,1.093,0.40487736300626354,-1.191118650472994,1.1
1751442726.4451597,0.42287191400751617,-1.2022505998121105,1.093,0.40487736300626354,-1.191118650472994,1.1
1751442726.5452166,0.42287191400751617,-1.2022505998121105,1.093,0.40487736300626354,-1.191118650472994,1.1
1751442726.6452737,0.42287191400751617,-1.2022505998121105,1.093,0.40487736300626354,-1.191118650472994,1.1
1751442726.7453315,0.42287191400751617,-1.2022505998121105,1.093,0.40487736300626354,-1.191118650472994,1.1
1751442726.8453941,0.42287191400751617,-1.2022505998121105,1.093,0.40487736300626354,-1.191118650472994,1.1
1751442726.9454544,0.42287191400751617,-1.2022505998121105,1.093,0.40487736300626354,-1.191118650472994,1.1
1751442727.0455136,0.42287191400751617,-1.2022505998121105,1.093,0.40487736300626354,-1.191118650472994,1.1
1751442727.1455722,0.42287191400751617,-1.2022505998121105,1.093,0.40487736300626354,-1.191118650472994,1.1
1751442727.2456298,0.42287191400751617,-1.2022505998121105,1.093,0.40487736300626354,-1.191118650472994,1.1
1751442727.345688,0.42287191400751617,-1.2022505998121105,1.093,0.40487736300626354,-1.191118650472994,1.1
1751442727.4457464,0.42287191400751617,-1.2022505998121105,1.093,0.40487736300626354,-1.191118650472994,1.1
1751442727.5458033,0.42287191400751617,-1.2022505998121105,1.093,0.40487736300626354,-1.191118650472994,1.1
1751442727.645861,0.42287191400751617,-1.2022505998121105,1.093,0.40487736300626354,-1.191118650472994,1.1
1751442727.745917,0.42287191400751617,-1.2022505998121105,1.093,0.40487736300626354,-1.191118650472994,1.1
1751442727.8459759,0.42287191400751617,-1.2022505998121105,1.093,0.40487736300626354,-1.191118650472994,1.1
1751442727.9460332,0.42287191400751617,-1.2022505998121105,1.093,0.40487736300626354,-1.191118650472994,1.1
1751442728.0460916,0.42287191400751617,-1.2022505998121105,1.093,0.40487736300626354,-1.191118650472994,1.1
1751442728.1461492,0.42287191400751617,-1.2022505998121105,1.093,0.40487736300626354,-1.191118650472994,1.1
1751442728.24621,0.42287191400751617,-1.2022505998121105,1.093,0.40487736300626354,-1.191118650472994,1.1
1751442728.346269,0.42287191400751617,-1.2022505998121105,1.093,0.40487736300626354,-1.191118650472994,1.1
1751442728.4463286,0.42287191400751617,-1.2022505998121105,1.093,0.40487736300626354,-1.191118650472994,1.1
1751442728.5463872,0.42287191400751617,-1.2022505998121105,1.093,0.40487736300626354,-1.191118650472994,1.1
1751442728.6464462,0.42287191400751617,-1.2022505998121105,1.093,0.40487736300626354,-1.191118650472994,1.1
1751442728.7465038,0.42287191400751617,-1.2022505998121105,1.093,0.40487736300626354,-1.191118650472994,1.1
1751442728.8465612,0.42287191400751617,-1.2022505998121105,1.093,0.40487736300626354,-1.191118650472994,1.1
1751442728.9466186,0.42287191400751617,-1.2022505998121105,1.093,0.40487736300626354,-1.191118650472994,1.1
1751442729.0466774,0.42287191400751617,-1.2022505998121105,1.093,0.40487736300626354,-1.191118650472994,1.1
1751442729.146735,0.42287191400751617,-1.2022505998121105,1.093,0.40487736300626354,-1.191118650472994,1.1
1751442729.246792,0.42287191400751617,-1.2022505998121105,1.093,0.40487736300626354,-1.191118650472994,1.1
1751442729.3468547,0.42287191400751617,-1.2022505998121105,1.093,0.40487736300626354,-1.191118650472994,1.1
1751442729.446915,0.42287191400751617,-1.2022505998121105,1.093,0.40487736300626354,-1.191118650472994,1.1
1751442729.5469747,0.42287191400751617,-1.2022505998121105,1.093,0.40487736300626354,-1.191118650472994,1.1
1751442729.6470346,0.42287191400751617,-1.2022505998121105,1.093,0.40487736300626354,-1.191118650472994,1.1
1751442729.7470913,0.42287191400751617,-1.2022505998121105,1.093,0.40487736300626354,-1.191118650472994,1.1
1751442729.847149,0.42287191400751617,-1.2022505998121105,1.093,0.40487736300626354,-1.191118650472994,1.1
1751442729.9472048,0.42287191400751617,-1.2022505998121105,1.093,0.40487736300626354,-1.191118650472994,1.1
1751442730.0472627,0.42287191400751617,-1.2022505998121105,1.093,0.40487736300626354,-1.191118650472994,1.1
1751442730.1473198,0.42287191400751617,-1.2022505998121105,1.093,0.40487736300626354,-1.191118650472994,1.1
1751442730.2473779,0.42287191400751617,-1.2022505998121105,1.093,0.40487736300626354,-1.191118650472994,1.1
1751442730.3474364,0.42287191400751617,-1.2022505998121105,1.093,0.40487736300626354,-1.191118650472994,1.1
1751442730.4474952,0.42287191400751617,-1.2022505998121105,1.093,0.40487736300626354,-1.191118650472994,1.1
1751442730.5475514,0.42287191400751617,-1.2022505998121105,1.093,0.40487736300626354,-1.191118650472994,1.1
1751442730.6476097,0.42287191400751617,-1.2022505998121105,1.093,0.40487736300626354,-1.191118650472994,1.1
1751442730.7476666,0.42287191400751617,-1.2022505998121105,1.093,0.40487736300626354,-1.191118650472994,1.1
1751442730.8477273,0.42287191400751617,-1.2022505998121105,1.093,0.40487736300626354,-1.191118650472994,1.1
1751442730.947786,0.42287191400751617,-1.2022505998121105,1.093,0.40487736300626354,-1.191118650472994,1.1
1751442731.0478451,0.42287191400751617,-1.2022505998121105,1.093,0.40487736300626354,-1.191118650472994,1.1
1751442731.1479027,0.42287191400751617,-1.2022505998121105,1.093,0.40487736300626354,-1.191118650472994,1.1
1751442731.2479606,0.42287191400751617,-1.2022505998121105,1.093,0.40487736300626354,-1.191118650472994,1.1
1751442731.3480194,0.42287191400751617,-1.2022505998121105,1.093,0.40487736300626354,-1.191118650472994,1.1
1751442731.4480786,0.42287191400751617,-1.2022505998121105,1.093,0.40487736300626354,-1.191118650472994,1.1
1751442731.5481365,0.42287191400751617,-1.2022505998121105,1.093,0.40487736300626354,-1.191118650472994,1.1
1751442731.648195,0.42287191400751617,-1.2022505998121105,1.093,0.40487736300626354,-1.191118650472994,1.1
1751442731.7482526,0.42287191400751617,-1.2022505998121105,1.093,0.40487736300626354,-1.191118650472994,1.1
1751442731.848311,0.42287191400751617,-1.2022505998121105,1.093,0.40487736300626354,-1.191118650472994,1.1
1751442731.948368,0.42287191400751617,-1.2022505998121105,1.093,0.40487736300626354,-1.191118650472994,1.1
1751442732.0484262,0.42287191400751617,-1.2022505998121105,1.093,0.40487736300626354,-1.191118650472994,1.1
1751442732.1484833,0.42287191400751617,-1.2022505998121105,1.093,0.40487736300626354,-1.191118650472994,1.1
1751442732.2485416,0.42287191400751617,-1.2022505998121105,1.093,0.40487736300626354,-1.191118650472994,1.1
1751442732.3486006,0.42287191400751617,-1.2022505998121105,1.093,0.40487736300626354,-1.191118650472994,1.1
1751442732.448658,0.42287191400751617,-1.2022505998121105,1.093,0.40487736300626354,-1.191118650472994,1.1
1751442732.5487154,0.42287191400751617,-1.2022505998121105,1.093,0.40487736300626354,-1.191118650472994,1.1
1751442732.6487734,0.42287191400751617,-1.2022505998121105,1.093,0.40487736300626354,-1.191118650472994,1.1
1751442732.7488306,0.42287191400751617,-1.2022505998121105,1.093,0.40487736300626354,-1.191118650472994,1.1
1751442732.848889,0.42287191400751617,-1.2022505998121105,1.093,0.40487736300626354,-1.191118650472994,1.1
1751442732.948946,0.42287191400751617,-1.2022505998121105,1.093,0.40487736300626354,-1.191118650472994,1.1
1751442733.0490034,0.42287191400751617,-1.2022505998121105,1.093,0.40487736300626354,-1.191118650472994,1.1
1751442733.1490607,0.42287191400751617,-1.2022505998121105,1.093,0.40487736300626354,-1.191118650472994,1.1
1751442733.249119,0.42287191400751617,-1.2022505998121105,1.093,0.40487736300626354,-1.191118650472994,1.1
1751442733.3491771,0.42287191400751617,-1.2022505998121105,1.093,0.40487736300626354,-1.191118650472994,1.1
1751442733.4492347,0.42287191400751617,-1.2022505998121105,1.093,0.40487736300626354,-1.191118650472994,1.1
1751442733.5492969,0.42287191400751617,-1.2022505998121105,1.093,0.40487736300626354,-1.191118650472994,1.1
1751442733.6493568,0.42287191400751617,-1.2022505998121105,1.093,0.40487736300626354,-1.191118650472994,1.1
1751442733.7494173,0.42287191400751617,-1.2022505998121105,1.093,0.40487736300626354,-1.191118650472994,1.1
1751442733.8494759,0.42287191400751617,-1.2022505998121105,1.093,0.40487736300626354,-1.191118650472994,1.1
1751442733.9495363,0.42287191400751617,-1.2022505998121105,1.093,0.40487736300626354,-1.191118650472994,1.1
1751442734.0495973,0.42287191400751617,-1.2022505998121105,1.093,0.40487736300626354,-1.191118650472994,1.1
1751442734.1496754,0.42287191400751617,-1.2022505998121105,1.093,0.40487736300626354,-1.191118650472994,1.1
1751442734.2497425,0.42287191400751617,-1.2022505998121105,1.093,0.40487736300626354,-1.191118650472994,1.1
1751442734.3498056,0.42287191400751617,-1.2022505998121105,1.093,0.40487736300626354,-1.191118650472994,1.1
1751442734.449865,0.42287191400751617,-1.2022505998121105,1.093,0.40487736300626354,-1.191118650472994,1.1
1751442734.5499272,0.42287191400751617,-1.2022505998121105,1.093,0.40487736300626354,-1.191118650472994,1.1
1751442734.6499858,0.42287191400751617,-1.2022505998121105,1.093,0.40487736300626354,-1.191118650472994,1.1
1751442734.750048,0.42287191400751617,-1.2022505998121105,1.093,0.40487736300626354,-1.191118650472994,1.1
1751442734.850111,0.42287191400751617,-1.2022505998121105,1.093,0.40487736300626354,-1.191118650472994,1.1
1751442734.9501758,0.42287191400751617,-1.2022505998121105,1.093,0.40487736300626354,-1.191118650472994,1.1
1751442735.0502338,0.42287191400751617,-1.2022505998121105,1.093,0.40487736300626354,-1.191118650472994,1.1
1751442735.1502967,0.42287191400751617,-1.2022505998121105,1.093,0.40487736300626354,-1.191118650472994,1.1
1751442735.2503545,0.42287191400751617,-1.2022505998121105,1.093,0.40487736300626354,-1.191118650472994,1.1
1751442735.3504171,0.42287191400751617,-1.2022505998121105,1.124,0.40487736300626354,-1.191118650472994,1.1
1751442735.4504766,0.42287191400751617,-1.2022505998121105,1.124,0.40487736300626354,-1.191118650472994,1.1
1751442735.550551,0.42287191400751617,-1.2022505998121105,1.124,0.40487736300626354,-1.191118650472994,1.1
1751442735.6506104,0.42287191400751617,-1.2022505998121105,1.124,0.40487736300626354,-1.191118650472994,1.1
1751442735.750674,0.42287191400751617,-1.2022505998121105,1.124,0.40487736300626354,-1.191118650472994,1.1
1751442735.850732,0.42287191400751617,-1.2022505998121105,1.124,0.40487736300626354,-1.191118650472994,1.1
1751442735.9507945,0.42287191400751617,-1.2022505998121105,1.124,0.40487736300626354,-1.191118650472994,1.1
1751442736.050851,0.42287191400751617,-1.2022505998121105,1.124,0.40487736300626354,-1.191118650472994,1.1
1751442736.1509101,0.42287191400751617,-1.2022505998121105,1.124,0.40487736300626354,-1.191118650472994,1.1
1751442736.25097,0.42287191400751617,-1.2022505998121105,1.124,0.40487736300626354,-1.191118650472994,1.1
1751442736.3510292,0.4138746397854795,-1.191118650472994,1.114,0.40487736300626354,-1.191118650472994,1.1
1751442736.45109,0.4138746397854795,-1.191118650472994,1.114,0.40487736300626354,-1.191118650472994,1.1
1751442736.5511498,0.4138746397854795,-1.191118650472994,1.114,0.40487736300626354,-1.191118650472994,1.1
1751442736.6512094,0.4138746397854795,-1.191118650472994,1.114,0.40487736300626354,-1.191118650472994,1.1
1751442736.7512696,0.4138746397854795,-1.191118650472994,1.114,0.40487736300626354,-1.191118650472994,1.1
1751442736.8513296,0.4138746397854795,-1.191118650472994,1.114,0.40487736300626354,-1.191118650472994,1.1
1751442736.951389,0.4138746397854795,-1.191118650472994,1.114,0.40487736300626354,-1.191118650472994,1.1
1751442737.0514495,0.4138746397854795,-1.191118650472994,1.114,0.40487736300626354,-1.191118650472994,1.1
1751442737.1515095,0.4138746397854795,-1.191118650472994,1.114,0.40487736300626354,-1.191118650472994,1.1
1751442737.25157,0.4138746397854795,-1.191118650472994,1.114,0.40487736300626354,-1.191118650472994,1.1
1751442737.35163,0.39588008878422687,-1.191118650472994,1.128,0.40487736300626354,-1.191118650472994,1.1
1751442737.4516916,0.39588008878422687,-1.191118650472994,1.128,0.40487736300626354,-1.191118650472994,1.1
1751442737.5517519,0.39588008878422687,-1.191118650472994,1.128,0.40487736300626354,-1.191118650472994,1.1
1751442737.6518123,0.39588008878422687,-1.191118650472994,1.128,0.40487736300626354,-1.191118650472994,1.1
1751442737.75187,0.39588008878422687,-1.191118650472994,1.128,0.40487736300626354,-1.191118650472994,1.1
1751442737.8519273,0.39588008878422687,-1.191118650472994,1.128,0.40487736300626354,-1.191118650472994,1.1
1751442737.9519854,0.39588008878422687,-1.191118650472994,1.128,0.40487736300626354,-1.191118650472994,1.1
1751442738.0520425,0.39588008878422687,-1.191118650472994,1.128,0.40487736300626354,-1.191118650472994,1.1
1751442738.1521008,0.39588008878422687,-1.191118650472994,1.128,0.40487736300626354,-1.191118650472994,1.1
1751442738.2521584,0.39588008878422687,-1.191118650472994,1.128,0.40487736300626354,-1.191118650472994,1.1
1751442738.3522167,0.42287191400751617,-1.191118650472994,1.125,0.40487736300626354,-1.191118650472994,1.1
1751442738.4522743,0.42287191400751617,-1.191118650472994,1.125,0.40487736300626354,-1.191118650472994,1.1
1751442738.552333,0.42287191400751617,-1.191118650472994,1.125,0.40487736300626354,-1.191118650472994,1.1
1751442738.6523895,0.42287191400751617,-1.191118650472994,1.125,0.40487736300626354,-1.191118650472994,1.1
1751442738.752448,0.42287191400751617,-1.191118650472994,1.125,0.40487736300626354,-1.191118650472994,1.1
1751442738.8525105,0.42287191400751617,-1.191118650472994,1.125,0.40487736300626354,-1.191118650472994,1.1
1751442738.9525712,0.42287191400751617,-1.191118650472994,1.125,0.40487736300626354,-1.191118650472994,1.1
1751442739.052629,0.42287191400751617,-1.191118650472994,1.125,0.40487736300626354,-1.191118650472994,1.1
1751442739.1526878,0.42287191400751617,-1.191118650472994,1.125,0.40487736300626354,-1.191118650472994,1.1
1751442739.2527454,0.42287191400751617,-1.191118650472994,1.125,0.40487736300626354,-1.191118650472994,1.1
1751442739.3528042,0.3868828145621902,-1.191118650472994,1.122,0.40487736300626354,-1.191118650472994,1.1
1751442739.4528623,0.3868828145621902,-1.191118650472994,1.122,0.40487736300626354,-1.191118650472994,1.1
1751442739.5529206,0.3868828145621902,-1.191118650472994,1.122,0.40487736300626354,-1.191118650472994,1.1
1751442739.6529782,0.3868828145621902,-1.191118650472994,1.122,0.40487736300626354,-1.191118650472994,1.1
1751442739.7530372,0.3868828145621902,-1.191118650472994,1.122,0.40487736300626354,-1.191118650472994,1.1
1751442739.8530948,0.3868828145621902,-1.191118650472994,1.122,0.40487736300626354,-1.191118650472994,1.1
1751442739.9531538,0.3868828145621902,-1.191118650472994,1.122,0.40487736300626354,-1.191118650472994,1.1
1751442740.0532112,0.3868828145621902,-1.191118650472994,1.122,0.40487736300626354,-1.191118650472994,1.1
1751442740.1532695,0.3868828145621902,-1.191118650472994,1.122,0.40487736300626354,-1.191118650472994,1.1
1751442740.253327,0.3868828145621902,-1.191118650472994,1.122,0.40487736300626354,-1.191118650472994,1.1
1751442740.3533854,0.4138746397854795,-1.191118650472994,1.123,0.40487736300626354,-1.191118650472994,1.1
1751442740.4534438,0.4138746397854795,-1.191118650472994,1.123,0.40487736300626354,-1.191118650472994,1.1
1751442740.5535023,0.4138746397854795,-1.191118650472994,1.123,0.40487736300626354,-1.191118650472994,1.1
1751442740.65356,0.4138746397854795,-1.191118650472994,1.123,0.40487736300626354,-1.191118650472994,1.1
1751442740.7536192,0.4138746397854795,-1.191118650472994,1.123,0.40487736300626354,-1.191118650472994,1.1
1751442740.8536775,0.4138746397854795,-1.191118650472994,1.123,0.40487736300626354,-1.191118650472994,1.1
1751442740.9537368,0.4138746397854795,-1.191118650472994,1.123,0.40487736300626354,-1.191118650472994,1.1
1751442741.0537941,0.4138746397854795,-1.191118650472994,1.123,0.40487736300626354,-1.191118650472994,1.1
1751442741.1538525,0.4138746397854795,-1.191118650472994,1.123,0.40487736300626354,-1.191118650472994,1.1
1751442741.2539096,0.4138746397854795,-1.191118650472994,1.123,0.40487736300626354,-1.191118650472994,1.1
1751442741.353968,0.40487736300626354,-1.191118650472994,1.114,0.40487736300626354,-1.191118650472994,1.1
1751442741.4540262,0.40487736300626354,-1.191118650472994,1.114,0.40487736300626354,-1.191118650472994,1.1
1751442741.5540848,0.40487736300626354,-1.191118650472994,1.114,0.40487736300626354,-1.191118650472994,1.1
1751442741.6541421,0.40487736300626354,-1.191118650472994,1.114,0.40487736300626354,-1.191118650472994,1.1
1751442741.7542005,0.40487736300626354,-1.191118650472994,1.114,0.40487736300626354,-1.191118650472994,1.1
1751442741.8542578,0.40487736300626354,-1.191118650472994,1.114,0.40487736300626354,-1.191118650472994,1.1
1751442741.9543164,0.40487736300626354,-1.191118650472994,1.114,0.40487736300626354,-1.191118650472994,1.1
1751442742.0543737,0.40487736300626354,-1.191118650472994,1.114,0.40487736300626354,-1.191118650472994,1.1
1751442742.1544318,0.40487736300626354,-1.191118650472994,1.114,0.40487736300626354,-1.191118650472994,1.1
1751442742.2544892,0.40487736300626354,-1.191118650472994,1.114,0.40487736300626354,-1.191118650472994,1.1
1751442742.3545475,0.3868828145621902,-1.2022505998121105,1.105,0.40487736300626354,-1.191118650472994,1.1
1751442742.4546058,0.3868828145621902,-1.2022505998121105,1.105,0.40487736300626354,-1.191118650472994,1.1
1751442742.5546644,0.3868828145621902,-1.2022505998121105,1.105,0.40487736300626354,-1.191118650472994,1.1
1751442742.6547217,0.3868828145621902,-1.2022505998121105,1.105,0.40487736300626354,-1.191118650472994,1.1
1751442742.7547798,0.3868828145621902,-1.2022505998121105,1.105,0.40487736300626354,-1.191118650472994,1.1
1751442742.85484,0.3868828145621902,-1.2022505998121105,1.105,0.40487736300626354,-1.191118650472994,1.1
1751442742.9549017,0.3868828145621902,-1.2022505998121105,1.105,0.40487736300626354,-1.191118650472994,1.1
1751442743.0549595,0.3868828145621902,-1.2022505998121105,1.105,0.40487736300626354,-1.191118650472994,1.1
1751442743.1550188,0.3868828145621902,-1.2022505998121105,1.105,0.40487736300626354,-1.191118650472994,1.1
1751442743.2550764,0.3868828145621902,-1.2022505998121105,1.105,0.40487736300626354,-1.191118650472994,1.1
1751442743.355136,0.40487736300626354,-1.191118650472994,1.104,0.40487736300626354,-1.191118650472994,1.1
1751442743.4551938,0.40487736300626354,-1.191118650472994,1.104,0.40487736300626354,-1.191118650472994,1.1
1751442743.555253,0.40487736300626354,-1.191118650472994,1.104,0.40487736300626354,-1.191118650472994,1.1
1751442743.6553104,0.40487736300626354,-1.191118650472994,1.104,0.40487736300626354,-1.191118650472994,1.1
1751442743.7553692,0.40487736300626354,-1.191118650472994,1.104,0.40487736300626354,-1.191118650472994,1.1
1751442743.8554265,0.40487736300626354,-1.191118650472994,1.104,0.40487736300626354,-1.191118650472994,1.1
1751442743.955485,0.40487736300626354,-1.191118650472994,1.104,0.40487736300626354,-1.191118650472994,1.1
1751442744.0555425,0.40487736300626354,-1.191118650472994,1.104,0.40487736300626354,-1.191118650472994,1.1
1751442744.1556013,0.40487736300626354,-1.191118650472994,1.104,0.40487736300626354,-1.191118650472994,1.1
1751442744.2556584,0.40487736300626354,-1.191118650472994,1.104,0.40487736300626354,-1.191118650472994,1.1
1751442744.3557174,0.42287191400751617,-1.191118650472994,1.101,0.40487736300626354,-1.191118650472994,1.1
1751442744.4557757,0.42287191400751617,-1.191118650472994,1.101,0.40487736300626354,-1.191118650472994,1.1
1751442744.5558345,0.42287191400751617,-1.191118650472994,1.101,0.40487736300626354,-1.191118650472994,1.1
1751442744.6558921,0.42287191400751617,-1.191118650472994,1.101,0.40487736300626354,-1.191118650472994,1.1
1751442744.7559512,0.42287191400751617,-1.191118650472994,1.101,0.40487736300626354,-1.191118650472994,1.1
1751442744.8560088,0.42287191400751617,-1.191118650472994,1.101,0.40487736300626354,-1.191118650472994,1.1
1751442744.956067,0.42287191400751617,-1.191118650472994,1.101,0.40487736300626354,-1.191118650472994,1.1
1751442745.056124,0.42287191400751617,-1.191118650472994,1.101,0.40487736300626354,-1.191118650472994,1.1
